1.007  0.0055
1.014  0.0055
1.021  0.0055
1.028  0.0055
1.035  0.0055
1.042  0.0055
1.050  0.0055
1.057  0.0055
1.064  0.0055
1.072  0.0055
1.079  0.0055
1.087  0.0055
1.094  0.0055
1.102  0.0055
1.109  0.0055
1.117  0.0055
1.125  0.0055
1.133  0.0055
1.140  0.0055
1.148  0.0055
1.156  0.0055
1.164  0.0055
1.172  0.0055
1.181  0.0055
1.189  0.0055
1.197  0.0055
1.205  0.0055
1.214  0.0055
1.222  0.0055
1.231  0.0055
1.239  0.0055
1.248  0.0055
1.256  0.0055
1.265  0.0055
1.274  0.0055
1.283  0.0055
1.292  0.0055
1.301  0.0055
1.310  0.0055
1.319  0.0055
1.328  0.0055
1.337  0.0055
1.346  0.0055
1.356  0.0055
1.365  0.0055
1.374  0.0055
1.384  0.0055
1.394  0.0055
1.403  0.0055
1.413  0.0055
1.423  0.0055
1.433  0.0055
1.443  0.0055
1.453  0.0055
1.463  0.0055
1.473  0.0055
1.483  0.0055
1.493  0.0055
1.504  0.0055
1.514  0.0055
1.525  0.0055
1.535  0.0055
1.546  0.0055
1.557  0.0055
1.567  0.0055
1.578  0.0055
1.589  0.0055
1.600  0.0055
1.611  0.0055
1.623  0.0055
1.634  0.0055
1.645  0.0055
1.657  0.0055
1.668  0.0055
1.680  0.0055
1.691  0.0055
1.703  0.0055
1.715  0.0055
1.727  0.0055
1.739  0.0055
1.751  0.0055
1.763  0.0055
1.775  0.0055
1.788  0.0055
1.800  0.0055
1.812  0.0055
1.825  0.0055
1.838  0.0055
1.850  0.0055
1.863  0.0055
1.876  0.0055
1.889  0.0055
1.902  0.0055
1.916  0.0055
1.929  0.0055
1.942  0.0055
1.956  0.0055
1.969  0.0055
1.983  0.0055
1.997  0.0055
2.010  0.0055
2.024  0.0055
2.038  0.0055
2.053  0.0055
2.067  0.0055
2.081  0.0055
2.096  0.0055
2.110  0.0055
2.125  0.0055
2.140  0.0055
2.154  0.0055
2.169  0.0055
2.184  0.0055
2.200  0.0055
2.215  0.0055
2.230  0.0055
2.246  0.0055
2.261  0.0055
2.277  0.0055
2.293  0.0055
2.309  0.0055
2.325  0.0055
2.341  0.0055
2.357  0.0055
2.373  0.0055
2.390  0.0055
2.406  0.0055
2.423  0.0055
2.440  0.0055
2.457  0.0055
2.474  0.0055
2.491  0.0055
2.508  0.0055
2.526  0.0055
2.543  0.0055
2.561  0.0055
2.579  0.0055
2.597  0.0055
2.615  0.0055
2.633  0.0055
2.651  0.0055
2.669  0.0055
2.688  0.0055
2.707  0.0055
2.725  0.0055
2.744  0.0055
2.763  0.0055
2.783  0.0055
2.802  0.0055
2.821  0.0055
2.841  0.0055
2.861  0.0055
2.880  0.0055
2.900  0.0055
2.921  0.0055
2.941  0.0055
2.961  0.0055
2.982  0.0055
3.002  0.0055
3.023  0.0055
3.044  0.0055
3.065  0.0055
3.087  0.0055
3.108  0.0055
3.130  0.0055
3.151  0.0055
3.173  0.0055
3.195  0.0055
3.217  0.0055
3.240  0.0055
3.262  0.0055
3.285  0.0055
3.308  0.0055
3.331  0.0055
3.354  0.0055
3.377  0.0055
3.400  0.0055
3.424  0.0055
3.448  0.0055
3.472  0.0055
3.496  0.0055

